procs -----------memory---------- ---swap-- -----io---- -system-- ------cpu-----
 r  b   swpd   free   buff  cache   si   so    bi    bo   in   cs us sy id wa st
11  0      0 334156  25420 382460    0    0   697   511  406 2578 21 10 66  3  0
 3  0      0 325904  25420 382460    0    0     0     0  927 6921 59 28 13  0  0
 3  0      0 330268  25428 382456    0    0     0   120  807 5900 41 20 40  0  0
 3  0      0 335052  25428 382468    0    0     0     0  812 5871 42 16 42  0  0
 2  0      0 339792  25428 382472    0    0     0     0  844 5891 40 17 43  0  0
 1  0      0 339848  25428 382476    0    0     0     0  824 5864 43 17 40  0  0
 0  0      0 339848  25428 382480    0    0     0     0  796 5805 42 14 44  0  0
 0  0      0 339848  25436 382476    0    0     0    12  827 5851 40 17 43  0  0
 0  0      0 339848  25436 382488    0    0     0     0  784 5835 44 13 44  0  0
 1  0      0 339848  25436 382492    0    0     0     0  836 5874 40 20 39  0  0
 0  0      0 339848  25436 382496    0    0     0     0  803 5820 42 14 44  0  0
 0  0      0 339848  25436 382500    0    0     0     0  803 5826 40 16 44  0  0
 0  0      0 339848  25444 382492    0    0     0    12  821 5869 46 11 43  0  0
 0  0      0 339848  25444 382504    0    0     0     0  802 5842 40 18 42  0  0
 0  0      0 339844  25444 382508    0    0     0     0  846 5864 39 19 42  0  0
 0  0      0 339848  25444 382512    0    0     0     0  834 5827 39 18 43  0  0
 0  0      0 339848  25444 382516    0    0     0     0  822 5839 38 19 43  0  0
 0  0      0 339848  25452 382512    0    0     0    12  827 5852 40 19 42  0  0
 0  0      0 339848  25452 382524    0    0     0     0  849 5848 42 17 42  0  0
 0  0      0 339848  25452 382528    0    0     0     0  806 5832 40 18 42  0  0
 0  0      0 339848  25452 382532    0    0     0     0  833 5870 38 20 42  0  0
 0  0      0 339848  25452 382536    0    0     0     0  813 5860 42 17 42  0  0
 0  0      0 339848  25460 382532    0    0     0   116  839 5857 39 19 42  0  0
 0  0      0 339848  25460 382544    0    0     0     0  835 5833 40 19 42  0  0
 0  0      0 339848  25460 382548    0    0     0     0  842 5857 38 19 43  0  0
 0  0      0 339848  25460 382548    0    0     0     0  822 5849 40 19 40  0  0
 1  0      0 339848  25460 382552    0    0     0     0  847 5858 40 21 39  0  0
 1  0      0 339848  25468 382548    0    0     0    12  840 5874 35 23 42  0  0
 3  0      0 339840  25468 382560    0    0     0     0  830 5881 33 23 44  0  0
 3  0      0 339848  25468 382564    0    0     0     0  830 5911 38 21 41  0  0
 2  0      0 339848  25468 382568    0    0     0     0  831 5957 39 21 40  0  0
 1  0      0 339848  25468 382572    0    0     0     0  857 5863 38 21 41  0  0
 0  0      0 339848  25476 382568    0    0     0   280  868 5873 36 23 41  0  0
 0  0      0 339848  25476 382580    0    0     0     0  860 5905 41 18 42  0  0
 0  0      0 339848  25476 382584    0    0     0     0  851 5883 41 19 41  0  0
 0  0      0 339848  25476 382588    0    0     0     0  876 5943 42 21 37  0  0
 0  0      0 339848  25476 382592    0    0     0     0  832 5876 41 19 41  0  0
 2  0      0 339724  25484 382584    0    0     0    36  870 5879 40 24 37  0  0
 0  0      0 339724  25484 382596    0    0     0     0  864 5908 43 20 37  0  0
 0  0      0 339724  25484 382600    0    0     0     0  867 5916 44 18 38  0  0
 0  0      0 339724  25484 382604    0    0     0     0  840 5904 40 18 41  0  0
 0  0      0 339724  25484 382608    0    0     0     0  857 5889 43 18 39  0  0
 0  0      0 339832  25492 382604    0    0     0    12  870 5923 40 19 40  0  0
 0  0      0 339852  25492 382616    0    0     0     0  838 5888 40 19 41  0  0
 0  0      0 339852  25492 382620    0    0     0     0  863 5909 40 22 38  0  0
 0  0      0 339852  25492 382624    0    0     0     0  857 5897 42 21 37  0  0
 0  0      0 339852  25492 382628    0    0     0     0  897 5891 43 18 39  0  0
 0  0      0 339848  25500 382624    0    0     0    12  878 5909 41 18 40  0  0
 0  0      0 339836  25500 382636    0    0     0     0  854 5881 39 20 41  0  0
 1  0      0 339852  25500 382636    0    0     0     0  855 5946 38 22 40  0  0
 1  0      0 339852  25500 382640    0    0     0     0  843 5918 39 20 40  0  0
 1  0      0 339852  25500 382644    0    0     0     0  860 5956 41 18 40  0  0
 2  0      0 339852  25508 382640    0    0     0    12  856 5935 38 20 42  0  0
 0  0      0 339852  25508 382652    0    0     0     0  859 5899 41 19 39  0  0
 0  0      0 339852  25508 382656    0    0     0     0  886 5915 37 24 38  0  0
 2  0      0 339852  25508 382660    0    0     0     0  856 5898 39 21 40  0  0
 0  0      0 339852  25508 382664    0    0     0     0  856 5892 37 22 41  0  0
 0  0      0 339852  25516 382660    0    0     0    12  864 5895 40 20 41  0  0
 0  0      0 339852  25516 382672    0    0     0     0  872 5884 39 21 40  0  0
 0  0      0 339852  25516 382676    0    0     0     0  864 5905 36 25 39  0  0
 0  0      0 339844  25516 382680    0    0     0     0  848 5873 40 18 42  0  0
 0  0      0 339728  25516 382680    0    0     0     0  833 5836 39 22 39  0  0
 0  0      0 339728  25524 382676    0    0     0   124  855 5914 46 13 41  0  0
 0  0      0 339696  25524 382688    0    0     0     0  838 5875 39 23 38  0  0
 0  0      0 339720  25524 382692    0    0     0     0  841 5890 37 22 40  0  0
 0  0      0 339716  25524 382696    0    0     0     0  881 5905 38 21 41  0  0
 1  0      0 339720  25524 382700    0    0     0     0  862 5904 40 19 41  0  0
 1  0      0 339720  25532 382696    0    0     0    44  856 5907 41 19 40  0  0
 2  0      0 339720  25532 382708    0    0     0     0  842 5893 40 20 40  0  0
 2  0      0 339720  25532 382712    0    0     0     0  856 5931 41 20 40  0  0
 1  0      0 339720  25532 382716    0    0     0     0  829 5869 39 20 41  0  0
 0  0      0 339720  25532 382720    0    0     0     0  858 5911 45 17 38  0  0
 1  0      0 339716  25540 382716    0    0     0    12  827 5860 40 20 41  0  0
 0  0      0 339720  25540 382724    0    0     0     0  833 5877 44 14 42  0  0
 0  0      0 339728  25540 382728    0    0     0     0  829 5887 45 14 41  0  0
 0  0      0 339728  25540 382732    0    0     0     0  817 5846 39 18 44  0  0
 0  0      0 339728  25540 382736    0    0     0     0  805 5830 39 18 43  0  0
 0  0      0 339604  25548 382732    0    0     0    16  828 5880 40 18 41  0  0
 0  0      0 339600  25548 382744    0    0     0     0  813 5842 41 16 42  0  0
 0  0      0 339604  25548 382748    0    0     0     0  831 5856 41 16 43  0  0
 0  0      0 339604  25548 382752    0    0     0     0  833 5849 37 21 42  0  0
 1  0      0 339604  25548 382756    0    0     0     0  795 5814 35 23 42  0  0
 0  0      0 339600  25556 382752    0    0     0    12  813 5844 37 21 42  0  0
 0  0      0 339604  25556 382764    0    0     0     0  806 5827 41 16 43  0  0
 0  0      0 339604  25556 382768    0    0     0     0  828 5880 39 19 42  0  0
 0  0      0 339604  25556 382772    0    0     0     0  823 5831 40 15 44  0  0
 0  0      0 339604  25556 382772    0    0     0     0  822 5860 40 20 41  0  0
 0  0      0 339604  25560 382772    0    0     0    12  813 5883 44 16 40  0  0
 0  0      0 339604  25560 382780    0    0     0     0  807 5817 40 17 43  0  0
 1  0      0 339604  25560 382784    0    0     0     0  828 5832 38 19 43  0  0
